 27
NC_000913    0.000000 0.118098 0.104136 0.208354 0.122128 0.222049 0.253352 0.388888 0.282596 0.048357 0.116623 0.115888 0.221017 0.116123 0.059687 0.071953 0.273991 0.153559 0.296430 0.066051 0.130799 0.063795 0.114197 0.124018 0.077248 0.187814 0.096410
NC_002655    0.118098 0.000000 0.022564 0.227914 0.143122 0.242920 0.278357 0.400793 0.289465 0.151602 0.143151 0.144506 0.240286 0.142680 0.126932 0.116255 0.271762 0.157629 0.316685 0.116055 0.146934 0.114772 0.140818 0.142822 0.117771 0.192557 0.125312
NC_002695    0.104136 0.022564 0.000000 0.229455 0.133735 0.242083 0.284393 0.401021 0.295047 0.138006 0.132949 0.134442 0.240745 0.131337 0.113715 0.103874 0.281180 0.164975 0.314678 0.101012 0.136256 0.099980 0.130279 0.134897 0.104999 0.183641 0.113728
NC_004337    0.208354 0.227914 0.229455 0.000000 0.237003 0.040101 0.185387 0.340137 0.101853 0.227789 0.238746 0.239652 0.033656 0.238654 0.205369 0.214093 0.291434 0.241205 0.134984 0.218575 0.246773 0.217725 0.237311 0.202844 0.204819 0.240597 0.227050
NC_004431    0.122128 0.143122 0.133735 0.237003 0.000000 0.247888 0.290905 0.405474 0.302354 0.153241 0.057237 0.057264 0.247643 0.062921 0.128086 0.127083 0.280958 0.154555 0.321879 0.124702 0.095620 0.123313 0.064297 0.079665 0.123559 0.178069 0.113411
NC_004741    0.222049 0.242920 0.242083 0.040101 0.247888 0.000000 0.194288 0.337215 0.118451 0.198868 0.246282 0.250829 0.040401 0.250096 0.219657 0.228719 0.271284 0.256700 0.139500 0.233227 0.257703 0.232383 0.248753 0.214014 0.221784 0.236581 0.239026
NC_007384    0.253352 0.278357 0.284393 0.185387 0.290905 0.194288 0.000000 0.267014 0.219701 0.264766 0.285178 0.291144 0.190158 0.288843 0.227171 0.261796 0.311529 0.266691 0.173666 0.267909 0.297613 0.268577 0.287772 0.264812 0.239872 0.286991 0.274190
NC_007606    0.388888 0.400793 0.401021 0.340137 0.405474 0.337215 0.267014 0.000000 0.361780 0.385613 0.400366 0.406133 0.341020 0.404120 0.374683 0.394756 0.396723 0.395880 0.317433 0.400470 0.409936 0.401084 0.402939 0.388007 0.381163 0.394674 0.396544
NC_007613    0.282596 0.289465 0.295047 0.101853 0.302354 0.118451 0.219701 0.361780 0.000000 0.298064 0.306984 0.308940 0.111109 0.307943 0.275208 0.287203 0.295914 0.281620 0.093113 0.293481 0.313063 0.293091 0.305460 0.261732 0.278496 0.272675 0.298066
NC_007779    0.048357 0.151602 0.138006 0.227789 0.153241 0.198868 0.264766 0.385613 0.298064 0.000000 0.144386 0.148473 0.216612 0.148020 0.103252 0.112878 0.233057 0.186214 0.301452 0.107744 0.161347 0.106595 0.146268 0.155157 0.117065 0.197521 0.128470
NC_007946    0.116623 0.143151 0.132949 0.238746 0.057237 0.246282 0.285178 0.400366 0.306984 0.144386 0.000000 0.049104 0.248160 0.024076 0.122079 0.121906 0.276497 0.151914 0.319588 0.118935 0.092255 0.117755 0.027415 0.076053 0.118930 0.183148 0.112306
NC_008253    0.115888 0.144506 0.134442 0.239652 0.057264 0.250829 0.291144 0.406133 0.308940 0.148473 0.049104 0.000000 0.250565 0.060839 0.122492 0.118900 0.281397 0.150573 0.325951 0.118366 0.093482 0.116539 0.062654 0.079185 0.120062 0.181650 0.111945
NC_008258    0.221017 0.240286 0.240745 0.033656 0.247643 0.040401 0.190158 0.341020 0.111109 0.216612 0.248160 0.250565 0.000000 0.248902 0.218774 0.228538 0.270434 0.253216 0.138221 0.231844 0.256445 0.231497 0.247595 0.214403 0.222075 0.240625 0.237893
NC_008563    0.116123 0.142680 0.131337 0.238654 0.062921 0.250096 0.288843 0.404120 0.307943 0.148020 0.024076 0.060839 0.248902 0.000000 0.122208 0.121178 0.279780 0.150577 0.322459 0.116119 0.092065 0.116594 0.017139 0.075953 0.118665 0.181986 0.111784
NC_009800    0.059687 0.126932 0.113715 0.205369 0.128086 0.219657 0.227171 0.374683 0.275208 0.103252 0.122079 0.122492 0.218774 0.122208 0.000000 0.069375 0.277913 0.158699 0.278146 0.066413 0.136669 0.062295 0.121013 0.128514 0.069785 0.190991 0.108372
NC_009801    0.071953 0.116255 0.103874 0.214093 0.127083 0.228719 0.261796 0.394756 0.287203 0.112878 0.121906 0.118900 0.228538 0.121178 0.069375 0.000000 0.280634 0.155159 0.299331 0.046684 0.133560 0.044144 0.118539 0.128263 0.054302 0.186938 0.102892
NC_010468    0.273991 0.271762 0.281180 0.291434 0.280958 0.271284 0.311529 0.396723 0.295914 0.233057 0.276497 0.281397 0.270434 0.279780 0.277913 0.280634 0.000000 0.233316 0.308134 0.280456 0.288489 0.282216 0.278432 0.275317 0.275768 0.241643 0.275349
NC_010498    0.153559 0.157629 0.164975 0.241205 0.154555 0.256700 0.266691 0.395880 0.281620 0.186214 0.151914 0.150573 0.253216 0.150577 0.158699 0.155159 0.233316 0.000000 0.315282 0.155228 0.163871 0.153416 0.152272 0.160500 0.157013 0.136155 0.142258
NC_010658    0.296430 0.316685 0.314678 0.134984 0.321879 0.139500 0.173666 0.317433 0.093113 0.301452 0.319588 0.325951 0.138221 0.322459 0.278146 0.299331 0.308134 0.315282 0.000000 0.310798 0.330118 0.312168 0.318680 0.274865 0.284464 0.311583 0.310412
NC_011415    0.066051 0.116055 0.101012 0.218575 0.124702 0.233227 0.267909 0.400470 0.293481 0.107744 0.118935 0.118366 0.231844 0.116119 0.066413 0.046684 0.280456 0.155228 0.310798 0.000000 0.129495 0.035406 0.117019 0.128939 0.054586 0.188443 0.100005
NC_011601    0.130799 0.146934 0.136256 0.246773 0.095620 0.257703 0.297613 0.409936 0.313063 0.161347 0.092255 0.093482 0.256445 0.092065 0.136669 0.133560 0.288489 0.163871 0.330118 0.129495 0.000000 0.128142 0.093235 0.107497 0.134022 0.193264 0.127385
NC_011741    0.063795 0.114772 0.099980 0.217725 0.123313 0.232383 0.268577 0.401084 0.293091 0.106595 0.117755 0.116539 0.231497 0.116594 0.062295 0.044144 0.282216 0.153416 0.312168 0.035406 0.128142 0.000000 0.116112 0.127998 0.051899 0.187636 0.096908
NC_011742    0.114197 0.140818 0.130279 0.237311 0.064297 0.248753 0.287772 0.402939 0.305460 0.146268 0.027415 0.062654 0.247595 0.017139 0.121013 0.118539 0.278432 0.152272 0.318680 0.117019 0.093235 0.116112 0.000000 0.074491 0.115811 0.183008 0.108058
NC_011745    0.124018 0.142822 0.134897 0.202844 0.079665 0.214014 0.264812 0.388007 0.261732 0.155157 0.076053 0.079185 0.214403 0.075953 0.128514 0.128263 0.275317 0.160500 0.274865 0.128939 0.107497 0.127998 0.074491 0.000000 0.124802 0.184796 0.121310
NC_011748    0.077248 0.117771 0.104999 0.204819 0.123559 0.221784 0.239872 0.381163 0.278496 0.117065 0.118930 0.120062 0.222075 0.118665 0.069785 0.054302 0.275768 0.157013 0.284464 0.054586 0.134022 0.051899 0.115811 0.124802 0.000000 0.180368 0.102339
NC_011750    0.187814 0.192557 0.183641 0.240597 0.178069 0.236581 0.286991 0.394674 0.272675 0.197521 0.183148 0.181650 0.240625 0.181986 0.190991 0.186938 0.241643 0.136155 0.311583 0.188443 0.193264 0.187636 0.183008 0.184796 0.180368 0.000000 0.172866
NC_011751    0.096410 0.125312 0.113728 0.227050 0.113411 0.239026 0.274190 0.396544 0.298066 0.128470 0.112306 0.111945 0.237893 0.111784 0.108372 0.102892 0.275349 0.142258 0.310412 0.100005 0.127385 0.096908 0.108058 0.121310 0.102339 0.172866 0.000000
