 25
NC_009057    0.000000 0.315706 0.350152 0.372998 0.250763 0.232618 0.322160 0.343366 0.384291 0.383680 0.364112 0.383006 0.323108 0.306021 0.321063 0.313965 0.319491 0.328051 0.371047 0.364363 0.370517 0.155706 0.181325 0.233738 0.239842
NC_009058    0.315706 0.000000 0.358739 0.375873 0.333233 0.324076 0.331317 0.347548 0.388888 0.392955 0.370600 0.395127 0.308297 0.319022 0.327783 0.342254 0.335395 0.339687 0.378722 0.367103 0.385157 0.316544 0.314376 0.319018 0.318790
NC_009059    0.350152 0.358739 0.000000 0.304773 0.349356 0.351008 0.350459 0.364527 0.379928 0.400952 0.380883 0.388751 0.349834 0.353955 0.340050 0.360502 0.364737 0.355746 0.387174 0.400187 0.407586 0.348396 0.354137 0.348660 0.349556
NC_009060    0.372998 0.375873 0.304773 0.000000 0.375221 0.372306 0.368182 0.372587 0.376421 0.425572 0.390019 0.409234 0.372151 0.369758 0.362963 0.381478 0.384898 0.376092 0.408541 0.421107 0.434722 0.370638 0.384077 0.369705 0.371933
NC_009062    0.250763 0.333233 0.349356 0.375221 0.000000 0.223639 0.338916 0.358737 0.378581 0.387057 0.371493 0.384740 0.324709 0.330724 0.325949 0.329330 0.326657 0.328440 0.374314 0.380039 0.377185 0.245761 0.245768 0.226474 0.227318
NC_009063    0.232618 0.324076 0.351008 0.372306 0.223639 0.000000 0.331851 0.352917 0.380901 0.380485 0.366203 0.380586 0.317577 0.324726 0.323779 0.323191 0.320715 0.327609 0.372817 0.374670 0.372062 0.229153 0.225802 0.096477 0.107110
NC_009064    0.322160 0.331317 0.350459 0.368182 0.338916 0.331851 0.000000 0.317540 0.376442 0.389948 0.365992 0.394473 0.339185 0.329981 0.334057 0.353575 0.330576 0.332169 0.373593 0.364467 0.381787 0.322917 0.319220 0.333827 0.329391
NC_009065    0.343366 0.347548 0.364527 0.372587 0.358737 0.352917 0.317540 0.000000 0.381994 0.395417 0.378868 0.393954 0.353314 0.344553 0.349229 0.367288 0.342375 0.350410 0.380698 0.364634 0.390719 0.347378 0.345223 0.351650 0.350381
NC_009066    0.384291 0.388888 0.379928 0.376421 0.378581 0.380901 0.376442 0.381994 0.000000 0.400159 0.369096 0.397577 0.384259 0.380036 0.375539 0.394553 0.390769 0.374900 0.387578 0.405194 0.412335 0.378764 0.387529 0.378680 0.375815
NC_009067    0.383680 0.392955 0.400952 0.425572 0.387057 0.380485 0.389948 0.395417 0.400159 0.000000 0.384523 0.384856 0.381248 0.390122 0.394304 0.404049 0.386631 0.391647 0.235420 0.406595 0.398806 0.383949 0.381866 0.380405 0.378865
NC_009459    0.364112 0.370600 0.380883 0.390019 0.371493 0.366203 0.365992 0.378868 0.369096 0.384523 0.000000 0.387273 0.370168 0.371524 0.373368 0.391487 0.375825 0.368910 0.366300 0.392967 0.406305 0.366153 0.368459 0.368288 0.369226
NC_010205    0.383006 0.395127 0.388751 0.409234 0.384740 0.380586 0.394473 0.393954 0.397577 0.384856 0.387273 0.000000 0.377604 0.384472 0.382396 0.395479 0.378121 0.376280 0.346009 0.409741 0.394861 0.379955 0.382676 0.381684 0.379375
NC_011168    0.323108 0.308297 0.349834 0.372151 0.324709 0.317577 0.339185 0.353314 0.384259 0.381248 0.370168 0.377604 0.000000 0.327894 0.325782 0.346707 0.319460 0.329779 0.375548 0.376218 0.378218 0.318869 0.314817 0.320055 0.317431
NC_011169    0.306021 0.319022 0.353955 0.369758 0.330724 0.324726 0.329981 0.344553 0.380036 0.390122 0.371524 0.384472 0.327894 0.000000 0.308908 0.345581 0.324017 0.326038 0.377253 0.363705 0.379686 0.308909 0.312788 0.326440 0.327356
NC_011170    0.321063 0.327783 0.340050 0.362963 0.325949 0.323779 0.334057 0.349229 0.375539 0.394304 0.373368 0.382396 0.325782 0.308908 0.000000 0.344577 0.326243 0.330804 0.380008 0.384239 0.385866 0.320171 0.323263 0.322596 0.322440
NC_011171    0.313965 0.342254 0.360502 0.381478 0.329330 0.323191 0.353575 0.367288 0.394553 0.404049 0.391487 0.395479 0.346707 0.345581 0.344577 0.000000 0.351872 0.347387 0.390412 0.386054 0.388039 0.317273 0.314787 0.321429 0.320900
NC_011177    0.319491 0.335395 0.364737 0.384898 0.326657 0.320715 0.330576 0.342375 0.390769 0.386631 0.375825 0.378121 0.319460 0.324017 0.326243 0.351872 0.000000 0.310574 0.373671 0.366702 0.365569 0.314214 0.309812 0.321720 0.322212
NC_011179    0.328051 0.339687 0.355746 0.376092 0.328440 0.327609 0.332169 0.350410 0.374900 0.391647 0.368910 0.376280 0.329779 0.326038 0.330804 0.347387 0.310574 0.000000 0.378227 0.372660 0.362080 0.322927 0.325489 0.326920 0.323603
NC_012055    0.371047 0.378722 0.387174 0.408541 0.374314 0.372817 0.373593 0.380698 0.387578 0.235420 0.366300 0.346009 0.375548 0.377253 0.380008 0.390412 0.373671 0.378227 0.000000 0.390714 0.392200 0.367119 0.368367 0.372492 0.371248
NC_013564    0.364363 0.367103 0.400187 0.421107 0.380039 0.374670 0.364467 0.364634 0.405194 0.406595 0.392967 0.409741 0.376218 0.363705 0.384239 0.386054 0.366702 0.372660 0.390714 0.000000 0.298729 0.370928 0.364683 0.375692 0.375047
NC_013577    0.370517 0.385157 0.407586 0.434722 0.377185 0.372062 0.381787 0.390719 0.412335 0.398806 0.406305 0.394861 0.378218 0.379686 0.385866 0.388039 0.365569 0.362080 0.392200 0.298729 0.000000 0.372814 0.365952 0.369230 0.368251
NC_013663    0.155706 0.316544 0.348396 0.370638 0.245761 0.229153 0.322917 0.347378 0.378764 0.383949 0.366153 0.379955 0.318869 0.308909 0.320171 0.317273 0.314214 0.322927 0.367119 0.370928 0.372814 0.000000 0.135762 0.230223 0.230500
NC_013750    0.181325 0.314376 0.354137 0.384077 0.245768 0.225802 0.319220 0.345223 0.387529 0.381866 0.368459 0.382676 0.314817 0.312788 0.323263 0.314787 0.309812 0.325489 0.368367 0.364683 0.365952 0.135762 0.000000 0.226688 0.228812
NC_018814    0.233738 0.319018 0.348660 0.369705 0.226474 0.096477 0.333827 0.351650 0.378680 0.380405 0.368288 0.381684 0.320055 0.326440 0.322596 0.321429 0.321720 0.326920 0.372492 0.375692 0.369230 0.230223 0.226688 0.000000 0.107092
NC_018815    0.239842 0.318790 0.349556 0.371933 0.227318 0.107110 0.329391 0.350381 0.375815 0.378865 0.369226 0.379375 0.317431 0.327356 0.322440 0.320900 0.322212 0.323603 0.371248 0.375047 0.368251 0.230500 0.228812 0.107092 0.000000
