 27
NC_000913    0.000000 0.154792 0.152652 0.227357 0.161015 0.224328 0.264375 0.383818 0.276386 0.072110 0.154882 0.157100 0.223295 0.156482 0.122849 0.129661 0.111145 0.148777 0.291214 0.125906 0.170701 0.124895 0.154359 0.162605 0.132994 0.179234 0.141881
NC_002655    0.154792 0.000000 0.076376 0.245564 0.167926 0.243247 0.294277 0.397126 0.287118 0.157603 0.168677 0.172473 0.242361 0.169387 0.163620 0.150530 0.154386 0.162766 0.308409 0.151841 0.174734 0.151992 0.167247 0.167335 0.150667 0.175349 0.156384
NC_002695    0.152652 0.076376 0.000000 0.246991 0.166624 0.244618 0.294822 0.397844 0.289371 0.155547 0.166591 0.170599 0.243473 0.166878 0.161763 0.149274 0.152249 0.160992 0.310475 0.148781 0.172776 0.149119 0.165017 0.166607 0.149013 0.174107 0.153879
NC_004337    0.227357 0.245564 0.246991 0.000000 0.250378 0.044819 0.192398 0.333771 0.085972 0.226467 0.252065 0.255250 0.049260 0.253647 0.225356 0.234496 0.216645 0.238175 0.117083 0.239702 0.261886 0.239798 0.251262 0.212604 0.223182 0.227823 0.241891
NC_004431    0.161015 0.167926 0.166624 0.250378 0.000000 0.247621 0.298537 0.401481 0.295633 0.163669 0.116897 0.118353 0.247629 0.120389 0.167890 0.162943 0.161665 0.151116 0.316931 0.161878 0.146220 0.161596 0.119750 0.133232 0.160403 0.164928 0.151726
NC_004741    0.224328 0.243247 0.244618 0.044819 0.247621 0.000000 0.194172 0.334401 0.087083 0.223588 0.249317 0.252154 0.048085 0.250949 0.223604 0.231175 0.213757 0.236010 0.118931 0.236520 0.258971 0.236419 0.248364 0.210061 0.224136 0.226121 0.238910
NC_007384    0.264375 0.294277 0.294822 0.192398 0.298537 0.194172 0.000000 0.258171 0.223169 0.265665 0.291191 0.300313 0.192867 0.296900 0.237598 0.274878 0.257084 0.278949 0.155903 0.281899 0.306541 0.282980 0.295387 0.271277 0.249692 0.284465 0.282210
NC_007606    0.383818 0.397126 0.397844 0.333771 0.401481 0.334401 0.258171 0.000000 0.357609 0.384746 0.396969 0.402262 0.335854 0.400016 0.369259 0.391410 0.378875 0.390744 0.312834 0.396622 0.406295 0.397411 0.398608 0.382666 0.376622 0.397833 0.392052
NC_007613    0.276386 0.287118 0.289371 0.085972 0.295633 0.087083 0.223169 0.357609 0.000000 0.275784 0.299152 0.303236 0.089798 0.301756 0.269730 0.282081 0.258722 0.286390 0.078278 0.288544 0.307188 0.289124 0.297769 0.250496 0.271175 0.258689 0.290670
NC_007779    0.072110 0.157603 0.155547 0.226467 0.163669 0.223588 0.265665 0.384746 0.275784 0.000000 0.157883 0.159966 0.222457 0.159403 0.126780 0.132910 0.114459 0.150893 0.291186 0.129124 0.173476 0.128257 0.157316 0.165426 0.136611 0.181666 0.144075
NC_007946    0.154882 0.168677 0.166591 0.252065 0.116897 0.249317 0.291191 0.396969 0.299152 0.157883 0.000000 0.113210 0.247910 0.096913 0.160069 0.158452 0.156425 0.146895 0.314297 0.154859 0.143364 0.155445 0.097726 0.130446 0.155595 0.171965 0.149970
NC_008253    0.157100 0.172473 0.170599 0.255250 0.118353 0.252154 0.300313 0.402262 0.303236 0.159966 0.113210 0.000000 0.251799 0.122379 0.164170 0.158760 0.158674 0.148532 0.321819 0.158153 0.146363 0.157305 0.122721 0.135572 0.160157 0.171269 0.153038
NC_008258    0.223295 0.242361 0.243473 0.049260 0.247629 0.048085 0.192867 0.335854 0.089798 0.222457 0.247910 0.251799 0.000000 0.249559 0.222560 0.231082 0.212900 0.234755 0.121238 0.235320 0.258125 0.235249 0.247348 0.210656 0.224581 0.224953 0.238107
NC_008563    0.156482 0.169387 0.166878 0.253647 0.120389 0.250949 0.296900 0.400016 0.301756 0.159403 0.096913 0.122379 0.249559 0.000000 0.162504 0.159490 0.158347 0.147414 0.318636 0.155311 0.145979 0.156422 0.092109 0.130190 0.157475 0.172527 0.150958
NC_009800    0.122849 0.163620 0.161763 0.225356 0.167890 0.223604 0.237598 0.369259 0.269730 0.126780 0.160069 0.164170 0.222560 0.162504 0.000000 0.128039 0.114907 0.155574 0.272689 0.127025 0.177193 0.124726 0.160196 0.166087 0.125572 0.184756 0.153109
NC_009801    0.129661 0.150530 0.149274 0.234496 0.162943 0.231175 0.274878 0.391410 0.282081 0.132910 0.158452 0.158760 0.231082 0.159490 0.128039 0.000000 0.129445 0.150415 0.294861 0.112625 0.172452 0.111554 0.157132 0.164307 0.116633 0.177453 0.147215
NC_010468    0.111145 0.154386 0.152249 0.216645 0.161665 0.213757 0.257084 0.378875 0.258722 0.114459 0.156425 0.158674 0.212900 0.158347 0.114907 0.129445 0.000000 0.149847 0.273795 0.125843 0.171527 0.123608 0.155742 0.159156 0.130224 0.179362 0.144360
NC_010498    0.148777 0.162766 0.160992 0.238175 0.151116 0.236010 0.278949 0.390744 0.286390 0.150893 0.146895 0.148532 0.234755 0.147414 0.155574 0.150415 0.149847 0.000000 0.303973 0.150361 0.162057 0.148927 0.147833 0.156885 0.152221 0.152595 0.140542
NC_010658    0.291214 0.308409 0.310475 0.117083 0.316931 0.118931 0.155903 0.312834 0.078278 0.291186 0.314297 0.321819 0.121238 0.318636 0.272689 0.294861 0.273795 0.303973 0.000000 0.307507 0.326437 0.309138 0.313850 0.265681 0.279768 0.299119 0.304933
NC_011415    0.125906 0.151841 0.148781 0.239702 0.161878 0.236520 0.281899 0.396622 0.288544 0.129124 0.154859 0.158153 0.235320 0.155311 0.127025 0.112625 0.125843 0.150361 0.307507 0.000000 0.168937 0.104537 0.155063 0.166173 0.117207 0.179733 0.143505
NC_011601    0.170701 0.174734 0.172776 0.261886 0.146220 0.258971 0.306541 0.406295 0.307188 0.173476 0.143364 0.146363 0.258125 0.145979 0.177193 0.172452 0.171527 0.162057 0.326437 0.168937 0.000000 0.168638 0.145607 0.155552 0.172126 0.185651 0.165829
NC_011741    0.124895 0.151992 0.149119 0.239798 0.161596 0.236419 0.282980 0.397411 0.289124 0.128257 0.155445 0.157305 0.235249 0.156422 0.124726 0.111554 0.123608 0.148927 0.309138 0.104537 0.168638 0.000000 0.155162 0.166076 0.116792 0.178994 0.142940
NC_011742    0.154359 0.167247 0.165017 0.251262 0.119750 0.248364 0.295387 0.398608 0.297769 0.157316 0.097726 0.122721 0.247348 0.092109 0.160196 0.157132 0.155742 0.147833 0.313850 0.155063 0.145607 0.155162 0.000000 0.127490 0.155492 0.172261 0.148275
NC_011745    0.162605 0.167335 0.166607 0.212604 0.133232 0.210061 0.271277 0.382666 0.250496 0.165426 0.130446 0.135572 0.210656 0.130190 0.166087 0.164307 0.159156 0.156885 0.265681 0.166173 0.155552 0.166076 0.127490 0.000000 0.159919 0.176210 0.157891
NC_011748    0.132994 0.150667 0.149013 0.223182 0.160403 0.224136 0.249692 0.376622 0.271175 0.136611 0.155595 0.160157 0.224581 0.157475 0.125572 0.116633 0.130224 0.152221 0.279768 0.117207 0.172126 0.116792 0.155492 0.159919 0.000000 0.169497 0.146763
NC_011750    0.179234 0.175349 0.174107 0.227823 0.164928 0.226121 0.284465 0.397833 0.258689 0.181666 0.171965 0.171269 0.224953 0.172527 0.184756 0.177453 0.179362 0.152595 0.299119 0.179733 0.185651 0.178994 0.172261 0.176210 0.169497 0.000000 0.162849
NC_011751    0.141881 0.156384 0.153879 0.241891 0.151726 0.238910 0.282210 0.392052 0.290670 0.144075 0.149970 0.153038 0.238107 0.150958 0.153109 0.147215 0.144360 0.140542 0.304933 0.143505 0.165829 0.142940 0.148275 0.157891 0.146763 0.162849 0.000000
